450
500000
0
2008096
389
390
389
388
388
389
390
390
389
388
388
390
389
385
388
388
390
389
386
388
388
388
389
385
387
388
391
390
386
387
390
389
388
385
387
391
388
390
388
389
394
391
391
387
389
392
390
390
387
389
392
390
390
388
390
393
391
391
388
389
391
390
389
388
389
391
390
390
390
391
392
391
391
390
389
392
391
387
390
391
393
391
388
391
391
392
391
389
391
391
392
393
391
393
396
394
394
392
394
396
394
394
392
394
397
393
392
390
391
395
393
392
391
392
395
393
392
391
392
395
393
393
391
391
391
391
391
389
390
391
391
390
390
391
391
391
390
389
390
391
390
385
390
390
391
391
386
390
391
391
391
387
390
391
393
391
387
390
392
391
547
554
554
558
525
435
388
382
387
393
397
389
388
397
396
393
391
394
398
268
219
222
244
277
302
313
318
324
334
333
334
335
339
341
340
342
343
343
526
557
558
558
490
407
386
383
393
396
398
393
390
395
398
398
396
393
397
291
229
227
242
272
303
316
322
324
334
339
338
339
340
342
347
346
347
344
488
561
563
563
517
425
394
390
395
396
400
399
397
399
400
398
400
400
400
313
235
229
244
271
299
316
324
328
335
336
339
342
344
340
344
346
349
348
447
558
563
563
533
435
394
390
395
399
399
398
399
399
402
398
399
404
403
337
240
227
244
267
297
313
322
331
336
339
338
340
347
345
345
345
348
351
415
559
564
563
546
453
398
388
392
399
402
399
396
398
403
400
400
399
401
360
251
224
237
261
294
313
318
326
333
339
339
337
343
344
346
346
344
348
350
351
352
350
353
358
356
357
355
358
363
362
363
362
365
369
368
370
369
372
376
376
377
377
380
384
384
385
385
388
391
391
393
393
396
399
399
400
400
402
404
404
405
405
407
409
410
407
411
412
413
412
408
409
410
411
410
407
409
410
411
409
407
409
412
410
408
406
407
411
408
407
404
405
408
406
404
402
402
405
402
401
399
400
401
399
398
396
396
398
397
395
394
394
395
393
391
390
390
391
2010471
507
507
508
507
508
507
508
507
508
508
508
508
508
508
508
508
508
508
508
508
508
508
508
508
508
508
508
508
508
508
508
508
508
508
508
508
508
508
508
508
508
508
508
508
508
508
508
508
508
509
509
509
509
509
509
509
509
509
509
510
510
510
510
510
510
510
510
510
510
510
435
253
140
97
159
414
493
515
524
525
523
525
527
526
525
526
526
525
525
559
607
620
608
588
570
560
553
549
544
542
540
539
537
536
535
534
532
532
482
303
146
82
246
457
501
515
518
519
519
521
522
521
521
521
521
521
521
546
591
610
603
585
568
558
552
548
543
541
540
539
537
536
535
534
533
532
499
329
156
78
183
435
497
514
519
521
520
522
523
523
523
523
524
523
523
540
587
608
604
589
571
560
554
550
545
543
541
540
538
537
536
536
534
533
511
359
171
79
135
407
492
512
519
520
520
521
523
523
522
523
523
523
523
533
580
605
604
590
573
561
555
550
546
543
542
540
538
537
536
536
534
534
521
390
192
89
107
378
487
511
519
521
521
522
524
524
523
523
524
524
524
529
575
604
606
593
575
563
556
551
547
543
542
540
538
537
536
535
534
533
532
531
531
530
529
528
527
527
526
525
524
524
523
522
521
519
519
518
517
516
515
515
513
513
512
511
510
509
508
508
507
506
505
504
504
503
502
502
501
501
500
499
499
499
499
498
498
498
498
498
498
497
498
498
498
498
498
498
499
499
499
499
499
499
500
500
500
500
501
501
501
502
502
503
503
503
503
504
504
504
504
505
505
506
506
506
507
507
508
508
508
508
509
509
509
510
510
510
511
511
511
511
512
512
512
512
513
513
513
513
513
513
513
513
513
513
513
513
513
513
513
513
513
513
513
513
513
513
513
513
513
513
513
512
512
512
512
512
512
512
511
511
511
511
511
510
510
510
510
510
509
509
509
509
508
508
508
508
508
508
507
507
507
507
507
507
506
506
506
506
506
505
505
505
505
505
505
505
505
505
505
505
505
505
504
504
504
504
504
504
2008086
416
416
415
416
418
416
416
415
416
417
416
416
415
416
417
416
415
415
415
417
416
415
415
416
417
416
415
415
416
417
416
415
415
416
416
416
415
416
416
417
416
415
416
416
416
416
415
416
416
416
416
415
415
416
416
416
415
415
416
416
416
415
415
417
416
416
415
415
417
416
416
415
416
417
416
416
415
416
417
416
415
416
416
417
416
415
415
416
417
416
415
415
416
417
416
415
415
416
417
416
415
416
416
417
416
415
415
416
416
416
415
415
415
416
416
415
416
416
416
416
415
415
416
416
416
415
415
417
416
416
416
416
417
416
416
415
416
417
416
416
416
416
417
416
414
415
415
416
416
415
416
416
416
416
415
416
415
417
416
415
419
560
564
563
561
520
435
376
363
379
388
384
384
385
385
385
385
387
387
391
276
243
246
277
306
324
336
345
351
353
357
361
362
364
364
366
369
369
370
560
569
568
555
475
407
372
379
391
391
390
390
393
392
391
392
393
395
395
295
253
249
278
309
326
340
349
356
359
361
365
367
369
370
370
372
374
376
540
574
574
569
500
427
381
379
393
399
396
393
397
396
397
397
397
398
400
318
262
252
275
309
328
342
351
358
363
365
368
369
371
374
374
374
376
377
508
575
575
574
519
442
389
378
393
400
400
396
397
398
398
400
399
399
399
337
268
254
271
304
326
342
351
358
362
365
369
370
371
372
374
376
377
377
468
575
579
576
533
453
397
379
391
400
400
398
399
399
398
399
400
400
399
359
272
255
267
299
323
338
350
357
359
364
367
369
371
371
374
375
377
377
377
380
380
383
383
383
384
386
387
388
388
390
391
393
393
394
396
397
399
400
400
402
403
406
407
407
409
410
412
413
414
415
418
419
419
420
422
424
424
425
425
427
430
429
430
430
431
433
433
431
433
433
435
435
433
435
435
435
435
434
435
435
435
435
433
434
434
435
434
432
433
433
433
432
431
431
431
431
431
429
429
429
429
428
427
427
427
427
426
425
424
424
424
423
422
422
423
422
421
2010460
527
528
527
527
528
527
528
528
528
528
528
529
528
528
529
528
529
528
529
529
529
529
529
529
529
529
530
529
529
530
529
530
529
530
530
530
530
530
530
531
530
531
530
531
531
531
531
531
531
531
531
531
531
531
532
531
532
531
532
532
531
532
531
532
532
532
532
524
466
387
254
134
141
334
446
484
504
515
527
535
540
544
547
550
551
551
556
590
621
642
645
638
625
620
611
604
598
592
588
584
581
578
575
573
571
566
507
441
333
142
291
414
466
490
502
512
520
526
531
534
536
537
539
540
542
571
601
622
628
624
616
609
601
595
590
585
581
577
575
572
569
567
565
563
515
448
342
199
235
377
451
481
496
507
515
522
526
529
532
534
535
536
536
561
592
614
622
619
613
605
598
591
585
582
576
573
569
567
565
562
560
558
523
454
349
192
179
331
432
471
488
499
508
516
520
524
527
528
531
531
532
551
583
606
617
615
610
603
596
589
584
579
574
571
568
565
563
560
559
556
532
463
367
207
143
311
417
463
483
495
504
512
517
521
524
526
527
528
529
542
575
600
614
613
607
601
594
587
582
576
572
568
564
562
559
557
555
553
551
550
549
547
546
545
543
543
541
540
539
537
537
536
535
534
532
532
530
529
528
527
527
525
524
523
521
521
519
518
517
515
515
513
512
511
510
510
508
507
506
505
505
504
503
503
502
502
500
500
500
499
499
499
499
499
498
499
498
499
498
498
499
499
499
499
499
500
500
500
500
500
502
502
502
502
502
504
503
504
504
504
505
505
506
507
507
508
508
508
509
509
510
510
511
511
511
512
512
513
513
514
515
515
515
516
516
517
516
518
518
518
519
519
519
519
519
520
520
521
521
521
521
521
522
522
522
523
522
523
523
522
523
522
522
522
522
522
521
522
522
521
522
521
522
521
521
521
521
521
521
521
521
520
520
520
520
520
519
520
519
519
519
519
519
519
519
519
518
519
519
518
518
518
518
518
518
518
517
518
517
517
517
516
517
516
516
516
516
516
516
516
